0 0.4390625 0.17890625 0.20703125 0.2640625
0 0.08984375 0.18125 0.13671875 0.31015625
0 0.89296875 0.49296875 0.14453125 0.29296875
0 0.50859375 0.521875 0.14921875 0.30546875
0 0.16796875 0.55078125 0.1609375 0.228125
0 0.834375 0.77265625 0.165625 0.1703125
0 0.525 0.79453125 0.0890625 0.23828125
0 0.0265625 0.86640625 0.03828125 0.14453125
0 0.178125 0.88125 0.115625 0.18046875
0 0.2546875 0.90625 0.0984375 0.18515625
0 0.4265625 0.928125 0.15390625 0.1390625
0 0.80078125 0.12109375 0.1203125 0.22109375